0 0.11484375 0.2234375 0.1515625 0.16875
0 0.23046875 0.25859375 0.1015625 0.1765625
0 0.3265625 0.29375 0.14453125 0.16484375
0 0.475 0.3171875 0.17734375 0.19296875
0 0.834375 0.2546875 0.13046875 0.140625
0 0.68359375 0.32578125 0.1359375 0.1234375
0 0.771875 0.18359375 0.109375 0.13203125
1 0.14296875 0.63046875 0.2046875 0.5328125
1 0.3640625 0.709375 0.209375 0.57421875
1 0.5046875 0.7578125 0.265625 0.484375
1 0.828125 0.7046875 0.184375 0.590625
1 0.68671875 0.6 0.1390625 0.33125
2 0.13125 0.56796875 0.209375 0.8640625
2 0.3359375 0.603125 0.171875 0.79375
2 0.52734375 0.60625 0.2734375 0.78671875
2 0.8390625 0.571875 0.20625 0.85625
2 0.678125 0.63359375 0.15 0.7078125
2 0.93984375 0.6203125 0.1203125 0.75625