0 0.525 0.20859375 0.0625 0.0640625
0 0.01796875 0.5953125 0.0359375 0.06484375
0 0.17109375 0.56328125 0.0484375 0.0515625
0 0.37265625 0.64609375 0.0265625 0.05390625
0 0.40234375 0.6546875 0.0234375 0.05
0 0.33671875 0.6375 0.0171875 0.03671875
0 0.42109375 0.7734375 0.0484375 0.06875
0 0.5234375 0.771875 0.03828125 0.078125
0 0.89453125 0.53828125 0.0421875 0.07265625
2 0.03359375 0.76484375 0.0671875 0.4265625
2 0.1734375 0.753125 0.10390625 0.43125
2 0.38359375 0.74609375 0.0765625 0.2484375
2 0.415625 0.865625 0.08828125 0.26875
2 0.4984375 0.86484375 0.075 0.2703125
2 0.7984375 0.7203125 0.11875 0.559375
2 0.88515625 0.74375 0.1203125 0.5125
2 0.86796875 0.26640625 0.1234375 0.5328125
2 0.51015625 0.396875 0.1640625 0.471875
1 0.1703125 0.69296875 0.08203125 0.1734375
1 0.4171875 0.91484375 0.084375 0.1703125
1 0.4953125 0.87265625 0.08125 0.2046875
1 0.38359375 0.746875 0.0671875 0.153125
1 0.8484375 0.10546875 0.09296875 0.1890625