0 0.30390625 0.453125 0.0609375 0.05
0 0.4109375 0.4578125 0.06484375 0.05546875
0 0.51875 0.45625 0.040625 0.04375
0 0.571875 0.46875 0.05 0.05859375
0 0.6546875 0.45859375 0.05234375 0.06953125
0 0.75703125 0.4484375 0.0453125 0.075
1 0.30703125 0.60078125 0.1015625 0.16953125
1 0.41328125 0.57890625 0.0953125 0.1609375
1 0.5265625 0.59453125 0.13125 0.1640625
1 0.6328125 0.6015625 0.10078125 0.18671875
1 0.753125 0.57578125 0.0875 0.17890625
2 0.3125 0.7 0.140625 0.54375
2 0.41171875 0.6765625 0.1109375 0.515625
2 0.53828125 0.7171875 0.1390625 0.5625
2 0.63515625 0.67578125 0.0890625 0.5203125
2 0.74765625 0.6484375 0.1140625 0.49375
0 0.96796875 0.590625 0.0328125 0.05234375
2 0.95 0.628125 0.0875 0.15