1 0.61328125 0.496875 0.0734375 0.17734375
1 0.6796875 0.49609375 0.08515625 0.1859375
2 0.6140625 0.5875 0.0875 0.47109375
2 0.6921875 0.56015625 0.09296875 0.47421875
2 0.76796875 0.6890625 0.1453125 0.621875
2 0.04453125 0.62421875 0.0890625 0.49765625
2 0.20546875 0.55859375 0.0828125 0.3703125
2 0.125 0.5734375 0.090625 0.34609375
2 0.23125 0.45703125 0.04921875 0.2640625
2 0.29296875 0.4390625 0.0390625 0.17421875
2 0.40546875 0.4390625 0.0609375 0.18984375
2 0.56015625 0.4078125 0.0578125 0.21796875
2 0.16796875 0.4109375 0.0234375 0.13359375