0 0.2421875 0.740625 0.09375 0.0625
0 0.1578125 0.65859375 0.08125 0.0703125
0 0.0296875 0.609375 0.059375 0.07421875
0 0.2984375 0.6375 0.06875 0.05234375
0 0.39921875 0.63359375 0.0796875 0.0703125
0 0.53359375 0.64921875 0.0859375 0.0703125
0 0.49765625 0.75390625 0.0734375 0.0453125
0 0.71171875 0.74375 0.0921875 0.06171875
0 0.6921875 0.64921875 0.084375 0.0859375
0 0.78984375 0.63515625 0.0796875 0.0578125
0 0.890625 0.64375 0.090625 0.06796875
0 0.971875 0.678125 0.053125 0.05859375
0 0.87734375 0.60390625 0.0859375 0.05078125
0 0.87890625 0.54921875 0.0859375 0.06640625
0 0.8921875 0.47578125 0.096875 0.0671875
0 0.89609375 0.36015625 0.1015625 0.06015625
0 0.92421875 0.2796875 0.0828125 0.05859375
0 0.8578125 0.2859375 0.0875 0.05546875
0 0.7625 0.321875 0.103125 0.06484375
0 0.6046875 0.328125 0.1 0.05
0 0.41875 0.428125 0.10625 0.065625
0 0.2234375 0.55703125 0.090625 0.0703125
0 0.0953125 0.5265625 0.096875 0.05625
0 0.0515625 0.5046875 0.0875 0.07109375
0 0.1375 0.43671875 0.0875 0.07265625
0 0.16015625 0.31640625 0.0703125 0.08203125
0 0.26875 0.3265625 0.084375 0.07109375
0 0.37265625 0.28828125 0.0734375 0.0671875
0 0.4625 0.27734375 0.06875 0.0734375
0 0.58515625 0.26796875 0.0765625 0.05078125
0 0.74453125 0.25390625 0.0828125 0.0609375
2 0.425 0.5421875 0.175 0.31484375
2 0.628125 0.50390625 0.18515625 0.4046875
2 0.2171875 0.62265625 0.165625 0.1734375
2 0.340625 0.6921875 0.17421875 0.171875
2 0.76796875 0.47734375 0.1296875 0.36015625
2 0.28984375 0.45 0.1421875 0.31796875
2 0.1703125 0.4328125 0.184375 0.30625
2 0.13125 0.52734375 0.14453125 0.19453125
2 0.3859375 0.36875 0.13984375 0.228125
2 0.4828125 0.35390625 0.121875 0.21953125
2 0.07890625 0.29609375 0.1296875 0.14609375