0 0.115625 0.0390625 0.11328125 0.078125
0 0.30234375 0.08828125 0.1171875 0.1515625
0 0.4078125 0.14765625 0.09375 0.11953125
0 0.55 0.1390625 0.0875 0.125
0 0.61953125 0.0734375 0.0984375 0.121875
0 0.690625 0.0375 0.115625 0.075
0 0.79296875 0.17109375 0.1015625 0.1140625
0 0.90234375 0.1546875 0.1171875 0.10234375
2 0.11328125 0.4984375 0.2265625 0.996875
2 0.28828125 0.50703125 0.2328125 0.9828125
2 0.425 0.5421875 0.16875 0.9125
2 0.6390625 0.5046875 0.22265625 0.98984375
2 0.81953125 0.56015625 0.1828125 0.8796875
2 0.92265625 0.55390625 0.1546875 0.8921875