0 0.2859375 0.30859375 0.04375 0.03828125
0 0.4359375 0.3328125 0.05078125 0.03125
0 0.54921875 0.35234375 0.0390625 0.0359375
0 0.6296875 0.38046875 0.04375 0.0328125
0 0.75625 0.36171875 0.046875 0.0421875
0 0.81953125 0.37109375 0.0453125 0.03515625
1 0.28125 0.40390625 0.08125 0.13515625
1 0.44140625 0.42421875 0.0828125 0.1203125
1 0.5578125 0.43671875 0.06875 0.1140625
1 0.6328125 0.459375 0.078125 0.12109375
1 0.753125 0.43671875 0.084375 0.11953125
1 0.828125 0.44609375 0.065625 0.10703125
2 0.26875 0.446875 0.128125 0.34296875
2 0.425 0.45546875 0.146875 0.2765625
2 0.55234375 0.4734375 0.0921875 0.28125
2 0.64296875 0.490625 0.0984375 0.253125
2 0.7546875 0.46953125 0.090625 0.2578125
2 0.8265625 0.4765625 0.071875 0.253125
2 0.89375 0.50234375 0.08125 0.17265625